    -80,
    3232,
    928,
    2736,
    240,
    2816,
    112,
    3152,
    -192,
    3648,
    -16,
    3648,
    -368,
    3648,
    288,
    3376,
    496,
    3680,
    624,
    3904,
    -240,
    3344,
    -288,
    3184,
    208,
    3328,
    336,
    2864,
    176,
    3280,
    704,
    3232,
    1296,
    3216,
    240,
    2816,
    -544,
    3248,
    352,
    3216,
    128,
    1872,
    224,
    2608,
    112,
    2944,
    64,
    3216,
    736,
    3472,
    944,
    3104,
    -192,
    3760,
    -80,
    4304,
    800,
    3104,
    288,
    3120,
    32,
    2928,
    736,
    2768,
    432,
    3328,
    64,
    2896,
    -32,
    3456,
    336,
    2768,
    752,
    3072,
    448,
    3168,
    592,
    3024,
    928,
    3536,
    176,
    3696,
    128,
    3024,
    80,
    3296,
    384,
    2976,
    96,
    3216,
    528,
    3296,
    48,
    2544,
    160,
    3280,
    496,
    3680,
    672,
    3008,
    496,
    3136,
    48,
    3168,
    -528,
    3424,
    320,
    3424,
    448,
    2736,
    400,
    3136,
    -16,
    3280,
    624,
    4032,
    160,
    4080,
    -192,
    3136,
    768,
    3264,
    -304,
    2992,
    272,
    3104,
    304,
    3104,
    48,
    3696,
    176,
    3568,
    592,
    3536,
    576,
    2832,
    560,
    2976,
    160,
    3232,
    416,
    2944,
    896,
    3136,
    1072,
    3024,
    80,
    2592,
    432,
    3088,
    624,
    3408,
    464,
    3232,
    160,
    3040,
    480,
    3008,
    464,
    2720,
    192,
    3584,
    592,
    3424,
    400,
    2576,
    640,
    3072,
    304,
    3360,
    144,
    2912,
    640,
    3168,
    112,
    3488,
    352,
    2720,
    560,
    3264,
    32,
    2976,
    -320,
    2544,
    96,
    3312,
    400,
    3296,
    736,
    2688,
    512,
    3024,
    64,
    2912,
    -384,
    2816,
    224,
    2656,
    720,
    2432,
    336,
    2944,
    240,
    3040,
    192,
    2768,
    304,
    3312,
    672,
    3344,
    1136,
    3040,
    192,
    2688,
    -224,
    3376,
    608,
    2640,
    64,
    3232,
    832,
    3328,
    -112,
    3072,
    112,
    2912,
    704,
    2448,
    432,
    3584,
    32,
    3440,
    576,
    3248,
    560,
    3136,
    592,
    3040,
    720,
    3264,
    -96,
    3376,
    432,
    3376,
    448,
    2672,
    -32,
    3296,
    96,
    3264,
    176,
    3584,
    512,
    3360,
    512,
    3088,
    -80,
    2528,
    16,
    3184,
    864,
    3168,
    592,
    3440,
    640,
    3584,
    432,
    2752,
    320,
    3776,
    -384,
    3360,
    720,
    2784,
    1296,
    2784,
    464,
    3216,
    336,
    2640,
    768,
    3568,
    224,
    2944,
    640,
    3200,
    912,
    3712,
    624,
    3312,
    288,
    2976,
    -16,
    3232,
    304,
    2720,
    480,
    2736,
    1152,
    2896,
    512,
    3088,
    96,
    3184,
    608,
    2384,
    704,
    2704,
    -48,
    3152,
    240,
    3216,
    96,
    3264,
    176,
    2944,
    464,
    3008,
    112,
    3168,
    128,
    3184,
    560,
    3568,
    176,
    3408,
    560,
    2896,
    256,
    3056,
    208,
    3648,
    48,
    3472,
    -128,
    2672,
    -240,
    2560,
    128,
    3296,
    496,
    3120,
    736,
    3392,
    352,
    3104,
    416,
    2720,
    256,
    2880,
    -192,
    3088,
    224,
    3056,
    400,
    3072,
    608,
    3344,
    336,
    3584,
    1040,
    3088,
    112,
    2784,
    496,
    3680,
    256,
    3664,
    368,
    2720,
    224,
    3120,
    -64,
    3728,
    320,
    2880,
    320,
    2688,
    16,
    3072,
    848,
    3584,
    512,
    3200,
    416,
    2912,
    192,
    2864,
    768,
    2416,
    208,
    3264,
    432,
    3456,
    1152,
    3360,
    320,
    3120,
    -64,
    3456,
    784,
    3232,
    -96,
    3184,
    -64,
    3360,
    576,
    3168,
    880,
    3216,
    -64,
    2640,
    128,
    2928,
    368,
    2992,
    544,
    3392,
    928,
    3168,
    -416,
    3024,
    -336,
    3328,
    624,
    4208,
    752,
    3664,
    880,
    2992,
    -208,
    2880,
    -112,
    2608,
    608,
    3456,
    608,
    3344,
    0,
    3744,
    352,
    2368,
    176,
    3120,
    576,
    3904,
    304,
    3696,
    1072,
    3216,
    240,
    2768,
    -208,
    3152,
    320,
    2960,
    304,
    3648,
    96,
    3488,
    -544,
    2928,
    608,
    3712,
    368,
    3472,
    368,
    2528,
    96,
    3088,
    624,
    3440,
    -64,
    3184,
    304,
    3264,
    752,
    3824,
    1072,
    3856,
    608,
    3024,
    192,
    2800,
    -16,
    2752,
    864,
    3440,
    384,
    3328,
    -608,
    2400,
    512,
    3088,
    512,
    2816,
    624,
    3104,
    256,
    2912,
    688,
    3088,
    1120,
    3392,
    -176,
    2928,
    768,
    2768,
    80,
    3616,
    288,
    3200,
    -192,
    2848,
    320,
    2976,
    528,
    3184,
    768,
    3664,
    336,
    3264,
    144,
    2800,
    208,
    3552,
    496,
    3504,
    -48,
    2544,
    -64,
    2544,
    496,
    3216,
    368,
    3232,
    208,
    2704,
    48,
    3040,
    384,
    3200,
    192,
    2896,
    448,
    2496,
    352,
    3328,
    400,
    3312,
    112,
    3440,
    192,
    3600,
    624,
    3344,
    352,
    2624,
    304,
    3168,
    -112,
    2848,
    384,
    3728,
    256,
    3984,
    112,
    3424,
    672,
    3296,
    688,
    3424,
    -496,
    3088,
    -448,
    2880,
    512,
    2736,
    48,
    2880,
    160,
    3072,
    672,
    2960,
    432,
    3280,
    304,
    3472,
    96,
    3584,
    80,
    2848,
    848,
    3216,
    320,
    3184,
    -544,
    3232,
    368,
    3008,
    528,
    3040,
    -304,
    3024,
    -48,
    2896,
    1200,
    3520,
    624,
    3424,
    384,
    3008,
    560,
    3136,
    944,
    3632,
    672,
    3072,
    624,
    2800,
    192,
    2864,
    656,
    3296,
    16,
    3056,
    720,
    2864,
    816,
    3184,
    400,
    3040,
    -128,
    2640,
    240,
    2768,
    208,
    2640,
    208,
    3296,
    368,
    3152,
    208,
    3264,
    416,
    2992,
    224,
    3232,
    192,
    3424,
    256,
    3392,
    960,
    2672,
    528,
    2608,
    208,
    2928,
    624,
    3520,
    240,
    3024,
    176,
    3568,
    -320,
    2944,
    720,
    3120,
    592,
    2544,
    -32,
    2816,
    240,
    3968,
    -672,
    2832,
    240,
    3200,
    112,
    3376,
    144,
    3088,
    1184,
    3424,
    432,
    2800,
    368,
    3232,
    816,
    2944,
    880,
    3280,
    0,
    2656,
    384,
    3120,
    288,
    3488,
    240,
    2512,
    880,
    3072,
    912,
    3440,
    208,
    2976,
    592,
    3312,
    -48,
    3424,
    -352,
    2912,
    480,
    3008,
    464,
    2832,
    -64,
    3424,
    736,
    3280,
    176,
    3200,
    0,
    3200,
    256,
    3552,
    176,
    3312,
    752,
    3520,
    1104,
    3232,
    512,
    3248,
    720,
    3184,
    96,
    2736,
    288,
    2560,
    208,
    3056,
    128,
    2864,
    -64,
    2832,
    -16,
    3264,
    -336,
    2784,
    464,
    3040,
    -32,
    3632,
    160,
    3024,
    400,
    3104,
    320,
    3392,
    816,
    3760,
    80,
    3328,
    432,
    3488,
    384,
    3328,
    -736,
    2848,
    928,
    2816,
    288,
    3040,
    960,
    3376,
    944,
    2992,
    -704,
    2640,
    1024,
    3088,
    848,
    2528,
    832,
    3488,
    352,
    2992,
    224,
    3232,
    224,
    3392,
    208,
    3344,
    400,
    3008,
    944,
    2576,
    1280,
    3296,
    576,
    3664,
    880,
    3264,
    1056,
    3776,
    896,
    3456,
    624,
    3056,
    432,
    2912,
    656,
    3440,
    -224,
    3728,
    800,
    3376,
    720,
    3616,
    288,
    3856,
    432,
    2848,
    80,
    3056,
    752,
    2896,
    528,
    2400,
    464,
    3392,
    576,
    2928,
    624,
    3104,
    400,
    3376,
    656,
    3568,
    944,
    3232,
    128,
    3184,
    528,
    2464,
    992,
    2928,
    112,
    3520,
    -176,
    3344,
    224,
    2656,
    912,
    2672,
    592,
    3296,
    -144,
    3600,
    208,
    3184,
    48,
    3456,
    0,
    2800,
    272,
    3088,
    240,
    2976,
    144,
    2464,
    720,
    2880,
    864,
    3216,
    192,
    3664,
    576,
    2800,
    -160,
    2368,
    96,
    3360,
    320,
    3168,
    320,
    2656,
    -288,
    3008,
    816,
    2928,
    800,
    3184,
    768,
    3408,
    544,
    2592,
    816,
    2832,
    112,
    3440,
    640,
    2832,
    944,
    3264,
    640,
    2384,
    208,
    2832,
    240,
    3152,
    992,
    3264,
    -64,
    2448,
    1008,
    3296,
    400,
    3856,
    64,
    3088,
    416,
    2720,
    336,
    3184,
    240,
    3392,
    384,
    3600,
    496,
    3056,
    1088,
    3008,
    1280,
    3088,
    800,
    3104,
    656,
    3120,
    384,
    3376,
    384,
    2672,
    -48,
    2928,
    512,
    3456,
    912,
    2592,
    512,
    3072,
    848,
    3648,
    0,
    2864,
    368,
    3552,
    528,
    3136,
    480,
    3312,
    256,
    3216,
    240,
    3168,
    144,
    3168,
    208,
    2400,
    256,
    2864,
    352,
    3296,
    368,
    2800,
    640,
    2848,
    160,
    3280,
    -16,
    3104,
    288,
    3744,
    240,
    3408,
    256,
    2992,
    496,
    3888,
    80,
    3296,
    1008,
    3168,
    784,
    3056,
    128,
    3056,
    352,
    3536,
    288,
    3184,
    688,
    3104,
    640,
    3424,
    528,
    2960,
    576,
    3440,
    384,
    3024,
    896,
    2464,
    400,
    3216,
    768,
    3392,
    1072,
    3056,
    912,
    3280,
    656,
    3456,
    736,
    3024,
    -288,
    3056,
    -400,
    3344,
    800,
    2608,
    144,
    3088,
    752,
    3328,
    320,
    3312,
    656,
    3248,
    832,
    3216,
    -16,
    3072,
    -128,
    2656,
    304,
    3600,
    256,
    3056,
    -224,
    3392,
    96,
    3376,
    512,
    3328,
    448,
    3376,
    16,
    2544,
    1008,
    3456,
    768,
    3024,
    1056,
    3440,
    736,
    3136,
    400,
    3168,
    896,
    3184,
    336,
    3088,
    208,
    2640,
    128,
    3472,
    512,
    3376,
    496,
    2656,
    1136,
    3072,
    112,
    3360,
    512,
    3168,
    0,
    2880,
    304,
    2800,
    1264,
    3200,
    288,
    2672,
    448,
    2912,
    896,
    2960,
    464,
    3200,
    192,
    3824,
    304,
    3328,
    592,
    2832,
    736,
    2992,
    224,
    3024,
    832,
    3824,
    288,
    3120,
    848,
    3168,
    1248,
    2464,
    1184,
    3168,
    640,
    3408,
    688,
    3056,
    464,
    3424,
    192,
    3408,
    896,
    3200,
    608,
    3168,
    832,
    2592,
    912,
    3552,
    224,
    3216,
    816,
    3552,
    480,
    3088,
    1152,
    2976,
    1136,
    3040,
    272,
    2768,
    816,
    3088,
    528,
    2592,
    960,
    2656,
    432,
    3056,
    976,
    3120,
    656,
    3200,
    -32,
    3264,
    576,
    2800,
    640,
    3680,
    352,
    2992,
    1104,
    4288,
    960,
    3664,
    480,
    2432,
    1120,
    2784,
    480,
    3216,
    704,
    2832,
    128,
    2944,
    192,
    3392,
    704,
    3248,
    656,
    2928,
    944,
    3200,
    496,
    3920,
    -16,
    3088,
    1184,
    2736,
    912,
    3504,
    272,
    3168,
    560,
    2864,
    1152,
    3232,
    672,
    3008,
    896,
    2960,
    624,
    3472,
    912,
    3200,
    1040,
    3280,
    400,
    3312,
    -176,
    3104,
    1024,
    3648,
    992,
    3360,
    1072,
    2848,
    304,
    3952,
    320,
    3616,
    928,
    2448,
    784,
    2720,
    688,
    3424,
    368,
    4048,
    256,
    2880,
    16,
    1904,
    -112,
    2960,
    816,
    3376,
    192,
    3184,
    112,
    3040,
    640,
    2432,
    592,
    3520,
    240,
    3920,
    448,
    3136,
    656,
    3488,
    528,
    3840,
    912,
    3824,
    -32,
    3200,
    64,
    2944,
    304,
    3568,
    48,
    3152,
    592,
    3120,
    384,
    2480,
    816,
    2992,
    576,
    3392,
    288,
    3168,
    336,
    3200,
    336,
    2864,
    944,
    3104,
    976,
    3200,
    800,
    3376,
    976,
    3184,
    128,
    3024,
    112,
    3232,
    -112,
    2544,
    560,
    2496,
    160,
    2560,
    352,
    3184,
    944,
    3040,
    672,
    3264,
    960,
    3424,
    720,
    3040,
    944,
    3664,
    784,
    3392,
    224,
    3552,
    592,
    3456,
    -80,
    2512,
    320,
    3008,
    -80,
    3328,
    1024,
    3536,
    576,
    2928,
    32,
    2880,
    160,
    3152,
    608,
    2576,
    736,
    2816,
    704,
    2768,
    704,
    3376,
    416,
    3360,
    496,
    2992,
    304,
    3088,
    -16,
    3360,
    32,
    2688,
    368,
    3072,
    528,
    2704,
    976,
    3248,
    928,
    3632,
    1072,
    3376,
    288,
    3264,
    304,
    3456,
    304,
    3376,
    240,
    3184,
    816,
    2432,
    752,
    2576,
    704,
    3728,
    320,
    3232,
    64,
    2768,
    352,
    3232,
    880,
    3440,
    896,
    3472,
    112,
    3248,
    608,
    2752,
    0,
    3408,
    -112,
    3312,
    816,
    3600,
    320,
    3488,
    640,
    3472,
    1808,
    3520,
    1072,
    2848,
    336,
    3488,
    352,
    3568,
    704,
    2800,
    928,
    3008,
    752,
    3568,
    576,
    3056,
    720,
    3216,
    64,
    2768,
    624,
    2896,
    384,
    3504,
    480,
    3648,
    416,
    2832,
    352,
    2768,
    -64,
    2800,
    512,
    3216,
    608,
    3648,
    576,
    3152,
    800,
    2832,
    352,
    2480,
    480,
    3184,
    336,
    3232,
    352,
    3200,
    528,
    3616,
    320,
    3760,
    320,
    3152,
    768,
    2992,
    64,
    2944,
    528,
    3360,
    304,
    3200,
    976,
    2784,
    560,
    3024,
    624,
    2736,
    976,
    3408,
    576,
    3696,
    704,
    3680,
    928,
    3312,
    16,
    2912,
    816,
    2624,
    528,
    3040,
    928,
    3024,
    336,
    3216,
    144,
    2896,
    240,
    2096,
    1104,
    3216,
    320,
    2976,
    64,
    3104,
    1136,
    2544,
    1632,
    2944,
    160,
    3136,
    192,
    2944,
    960,
    3840,
    992,
    3664,
    208,
    2800,
    720,
    2880,
    1120,
    2736,
    480,
    2896,
    656,
    3744,
    544,
    3280,
    1040,
    3216,
    16,
    3104,
    656,
    3072,
    944,
    3200,
    576,
    2992,
    1152,
    3184,
    1248,
    2608,
    1152,
    3168,
    1008,
    3472,
    832,
    3120,
    944,
    3024,
    736,
    2704,
    864,
    3024,
    80,
    3392,
    1120,
    2752,
    448,
    3280,
    544,
    3232,
    480,
    3056,
    368,
    2784,
    944,
    3152,
    992,
    2384,
    208,
    2320,
    832,
    3568,
    1216,
    3536,
    1312,
    2880,
    416,
    3056,
    208,
    3632,
    1312,
    3808,
    1552,
    3696,
    944,
    3104,
    656,
    2656,
    624,
    3552,
    336,
    3424,
    512,
    2896,
    608,
    2240,
    656,
    3200,
    960,
    3376,
    1088,
    2976,
    928,
    3312,
    1024,
    3360,
    560,
    2960,
    736,
    3424,
    64,
    3120,
    432,
    3504,
    1184,
    2752,
    224,
    2624,
    912,
    2720,
    544,
    3520,
    1024,
    3632,
    1088,
    3392,
    1328,
    3200,
    464,
    2960,
    1040,
    2848,
    992,
    2640,
    816,
    3168,
    304,
    3216,
    928,
    3104,
    688,
    2624,
    144,
    3168,
    768,
    2816,
    880,
    3744,
    240,
    4016,
    928,
    3312,
    544,
    3040,
    320,
    3376,
    464,
    3344,
    1072,
    3152,
    880,
    2928,
    704,
    3376,
    416,
    3776,
    464,
    3328,
    1104,
    2912,
    656,
    3296,
    240,
    3120,
    688,
    3120,
    976,
    2928,
    496,
    2608,
    64,
    3392,
    224,
    2944,
    336,
    3072,
    1088,
    2848,
    304,
    2816,
    544,
    2944,
    944,
    3360,
    576,
    2928,
    960,
    2752,
    1504,
    2752,
    992,
    3376,
    912,
    3696,
    352,
    2560,
    128,
    3120,
    848,
    3488,
    1008,
    2768,
    480,
    3328,
    384,
    3488,
    1280,
    3200,
    880,
    2704,
    1024,
    2160,
    1040,
    3312,
    928,
    3216,
    928,
    2592,
    1344,
    3072,
    1248,
    3024,
    592,
    3008,
    496,
    2992,
    1104,
    3872,
    1312,
    3456,
    160,
    2832,
    592,
    3520,
    720,
    2816,
    560,
    2928,
    720,
    2864,
    544,
    3024,
    368,
    3136,
    608,
    3392,
    800,
    3424,
    144,
    3040,
    592,
    2944,
    368,
    3024,
    672,
    3664,
    880,
    3312,
    832,
    3552,
    384,
    2544,
    800,
    2848,
    928,
    4016,
    320,
    3440,
    512,
    3792,
    448,
    2704,
    16,
    3088,
    0,
    3520,
    432,
    3264,
    768,
    4256,
    656,
    3840,
    896,
    3856,
    352,
    3104,
    896,
    3072,
    832,
    2784,
    1136,
    3104,
    1024,
    3552,
    112,
    3808,
    688,
    2976,
    576,
    3232,
    880,
    3232,
    448,
    2752,
    -64,
    2640,
    400,
    3680,
    -224,
    2736,
    304,
    3296,
    896,
    3424,
    384,
    2928,
    -144,
    2560,
    432,
    3232,
    992,
    2768,
    -16,
    2896,
    240,
    3152,
    736,
    3536,
    192,
    3200,
    768,
    2752,
    528,
    3584,
    848,
    3376,
    784,
    3168,
    448,
    3328,
    416,
    3152,
    528,
    2880,
    800,
    3072,
    1296,
    3184,
    448,
    3648,
    1136,
    2896,
    1056,
    3376,
    832,
    3376,
    960,
    3312,
    752,
    3712,
    784,
    3408,
    1248,
    3600,
    1152,
    2992,
    1056,
    3152,
    416,
    3856,
    384,
    3136,
    960,
    3312,
    256,
    3440,
    464,
    3024,
    544,
    3168,
    544,
    3472,
    1456,
    2400,
    1728,
    3088,
    880,
    3488,
    1216,
    3408,
    720,
    3472,
    32,
    3072,
    464,
    3088,
    544,
    3344,
    544,
    3360,
    528,
    3296,
    576,
    2720,
    -64,
    2880,
    288,
    3232,
    848,
    3136,
    416,
    2512,
    1504,
    2816,
    656,
    2704,
    688,
    2464,
    768,
    2912,
    832,
    3216,
    1200,
    3648,
    736,
    2944,
    496,
    3168,
    112,
    3296,
    736,
    3264,
    496,
    2752,
    816,
    2992,
    1280,
    3040,
    384,
    3088,
    1200,
    2880,
    768,
    3056,
    576,
    3168,
    400,
    2720,
    496,
    3680,
    528,
    2928,
    720,
    3040,
    656,
    3632,
    944,
    2384,
    80,
    2464,
    496,
    3520,
    1280,
    3344,
    944,
    3136,
    832,
    2800,
    816,
    3008,
    960,
    3696,
    352,
    3216,
    128,
    2864,
    -32,
    2912,
    896,
    3344,
    -160,
    3808,
    928,
    3248,
    1008,
    2832,
    640,
    2880,
    880,
    2880,
    496,
    2240,
    352,
    2656,
    1088,
    2992,
    512,
    2832,
    816,
    3200,
    80,
    3040,
    64,
    3392,
    1104,
    2960,
    416,
    3296,
    944,
    3776,
    1088,
    3088,
    752,
    3024,
    768,
    3280,
    960,
    3056,
    1248,
    2928,
    448,
    3104,
    1216,
    2448,
    720,
    3104,
    1056,
    3136,
    1504,
    3424,
    1040,
    3360,
    896,
    3392,
    512,
    2704,
    352,
    2272,
    736,
    2944,
    1184,
    3744,
    160,
    2896,
    64,
    2688,
    1440,
    2752,
    752,
    3184,
    864,
    3648,
    448,
    2976,
    464,
    3104,
    480,
    2960,
    880,
    2912,
    560,
    3280,
    672,
    3712,
    464,
    3824,
    224,
    3440,
    656,
    2944,
    864,
    3152,
    -304,
    2752,
    880,
    3024,
    864,
    2816,
    592,
    2784,
    928,
    2992,
    576,
    2880,
    1152,
    3136,
    1120,
    3600,
    1136,
    3312,
    1088,
    2480,
    560,
    2352,
    1216,
    3648,
    672,
    3424,
    976,
    2880,
    640,
    3088,
    816,
    3392,
    672,
    2976,
    448,
    2912,
    688,
    2912,
    816,
    3328,
    48,
    2336,
    16,
    3344,
    464,
    3456,
    -336,
    2960,
    672,
    3984,
    976,
    3872,
    960,
    2720,
    544,
    3920,
    1200,
    3696,
    512,
    3568,
    800,
    3296,
    912,
    3136,
    1216,
    3072,
    512,
    3072,
    432,
    2992,
    1264,
    3600,
    800,
    3360,
    176,
    2976,
    560,
    2800,
    400,
    3552,
    576,
    3072,
    352,
    2816,
    96,
    3184,
    848,
    3136,
    640,
    3536,
    416,
    3536,
    1088,
    3664,
    720,
    3536,
    1520,
    3600,
    384,
    3088,
    96,
    3312,
    976,
    3984,
    704,
    2976,
    1152,
    4048,
    976,
    3472,
    1344,
    3328,
    416,
    3232,
    688,
    2720,
    688,
    3072,
    1008,
    3280,
    272,
    3360,
    352,
    3728,
    672,
    3184,
    -16,
    2816,
    336,
    2960,
    1376,
    2976,
    464,
    3200,
    656,
    3280,
    896,
    3168,
    1312,
    3824,
    688,
    3664,
    560,
    3184,
    176,
    3584,
    1200,
    2656,
    880,
    3216,
    912,
    3584,
    512,
    3328,
    768,
    3632,
    1040,
    3376,
    624,
    3424,
    560,
    3072,
    560,
    2480,
    752,
    2496,
    1216,
    3104,
    1136,
    2816,
    496,
    2880,
    1200,
    3424,
    1056,
    3248,
    896,
    3072,
    1536,
    3520,
    768,
    3376,
    704,
    2896,
    784,
    3104,
    1584,
    3072,
    1408,
    3200,
    1088,
    3536,
    976,
    2816,
    688,
    3232,
    768,
    3344,
    544,
    3344,
    976,
    3184,
    944,
    3280,
    576,
    2720,
    1344,
    3040,
    1232,
    3552,
    1616,
    3568,
    1040,
    3040,
    1328,
    3248,
    1280,
    2704,
    1152,
    3152,
    944,
    3248,
    1296,
    3168,
    1072,
    3232,
    848,
    2320,
    -240,
    3104,
    1104,
    3456,
    1568,
    2576,
    1504,
    2608,
    1424,
    3056,
    400,
    3024,
    848,
    3520,
    1200,
    3200,
    1088,
    3408,
    688,
    2784,
    624,
    2848,
    944,
    2896,
    512,
    3248,
    672,
    3136,
    592,
    3040,
    960,
    3328,
    512,
    3248,
    960,
    2896,
    1296,
    3200,
    784,
    3568,
    16,
    3344,
    528,
    3008,
    720,
    3376,
    464,
    2880,
    160,
    2656,
    720,
    3200,
    16,
    3296,
    528,
    3696,
    1424,
    3536,
    1200,
    3296,
    1152,
    3216,
    528,
    3504,
    944,
    3904,
    848,
    2944,
    1168,
    2656,
    976,
    3680,
    640,
    3424,
    736,
    2864,
    544,
    3056,
    528,
    3872,
    656,
    3072,
    608,
    3200,
    1024,
    3088,
    1104,
    2224,
    1120,
    2816,
    1088,
    3296,
    528,
    3264,
    560,
    4016,
    1088,
    3296,
    1312,
    2928,
    1152,
    3600,
    464,
    2832,
    848,
    3120,
    560,
    3120,
    160,
    3648,
    464,
    3344,
    656,
    2816,
    912,
    2880,
    1632,
    2352,
    512,
    3600,
    1040,
    3936,
    1552,
    4176,
    912,
    3136,
    784,
    2784,
    288,
    3328,
    768,
    3376,
    1312,
    3328,
    736,
    3280,
    1200,
    3344,
    800,
    3088,
    432,
    3360,
    480,
    2704,
    1040,
    3616,
    1392,
    3232,
    1136,
    3056,
    1088,
    3216,
    1200,
    4208,
    1104,
    3264,
    1600,
    2992,
    1584,
    2912,
    896,
    3408,
    432,
    3552,
    720,
    3344,
    800,
    3680,
    784,
    3600,
    800,
    3008,
    1008,
    2432,
    1136,
    2976,
    1056,
    3680,
    944,
    3472,
    1056,
    3136,
    192,
    2800,
    864,
    2672,
    1424,
    2784,
    640,
    3136,
    1504,
    2896,
    1296,
    3264,
    992,
    4192,
    480,
    2288,
    624,
    3104,
    880,
    3120,
    448,
    2912,
    160,
    3248,
    576,
    3072,
    672,
    3088,
    752,
    3392,
    1008,
    3376,
    736,
    2976,
    864,
    3056,
    832,
    3088,
    1008,
    3040,
    1280,
    3504,
    672,
    2896,
    240,
    2848,
    1200,
    3424,
    1136,
    3184,
    1104,
    3024,
    720,
    3136,
    848,
    3152,
    576,
    3184,
    1056,
    3568,
    1152,
    2848,
    928,
    3312,
    960,
    3200,
    1136,
    3072,
    1408,
    2672,
    608,
    2352,
    496,
    3264,
    1328,
    3600,
    816,
    3248,
    768,
    2944,
    240,
    3232,
    1456,
    3008,
    80,
    2528,
    1152,
    2896,
    928,
    3088,
    336,
    2576,
    1568,
    2736,
    1120,
    2224,
    256,
    2944,
    1008,
    2512,
    720,
    2688,
    400,
    3424,
    1216,
    3456,
    736,
    3200,
    1104,
    3392,
    816,
    2848,
    352,
    2640,
    944,
    2448,
    1696,
    2672,
    912,
    3040,
    384,
    2672,
    1168,
    2752,
    1248,
    2912,
    864,
    2864,
    848,
    2608,
    144,
    3328,
    1616,
    2832,
    864,
    3040,
    1344,
    2976,
    1184,
    2608,
    864,
    2800,
    1072,
    3760,
    1152,
    3488,
    1152,
    2880,
    1344,
    2512,
    1200,
    3136,
    304,
    3280,
    672,
    2976,
    1584,
    3152,
    304,
    2992,
    528,
    3392,
    1408,
    3376,
    1408,
    2960,
    1520,
    3472,
    1088,
    3648,
    1136,
    2992,
    1024,
    3968,
    992,
    3312,
    640,
    3392,
    368,
    3104,
    1328,
    2896,
    1152,
    3536,
    672,
    2368,
    640,
    2736,
    512,
    3424,
    1120,
    3776,
    1616,
    3872,
    1024,
    3104,
    864,
    3296,
    1376,
    2640,
    592,
    2672,
    320,
    3632,
    496,
    3760,
    736,
    2400,
    1408,
    2496,
    816,
    3456,
    800,
    3408,
    816,
    3408,
    160,
    2848,
    736,
    2992,
    336,
    2976,
    400,
    3184,
    1280,
    3536,
    1136,
    3152,
    352,
    2880,
    656,
    2800,
    960,
    2816,
    1328,
    2800,
    1136,
    3232,
    656,
    3568,
    928,
    2976,
    720,
    2864,
    1296,
    3616,
    352,
    3552,
    496,
    2656,
    928,
    2720,
    1376,
    2816,
    1280,
    3248,
    816,
    2880,
    1056,
    2560,
    480,
    3744,
    432,
    3552,
    144,
    3136,
    96,
    3616,
    1104,
    3776,
    1232,
    3040,
    480,
    2576,
    192,
    2848,
    288,
    3424,
    1088,
    3104,
    528,
    3200,
    784,
    3248,
    1104,
    3312,
    960,
    2512,
    1216,
    2720,
    592,
    2832,
    1056,
    3056,
    832,
    3344,
    1136,
    3136,
    1536,
    3296,
    1280,
    2768,
    1648,
    2768,
    1504,
    2800,
    1472,
    3024,
    1168,
    2464,
    1568,
    2864,
    992,
    3360,
    592,
    2800,
    576,
    3200,
    240,
    3344,
    416,
    3168,
    800,
    3216,
    1232,
    3104,
    1520,
    3088,
    1264,
    2928,
    1008,
    3312,
    240,
    3216,
    592,
    3376,
    1088,
    3616,
    1056,
    2896,
    768,
    2528,
    848,
    3440,
    800,
    2544,
    800,
    3104,
    1312,
    3344,
    640,
    3104,
    1376,
    3376,
    768,
    2784,
    784,
    3392,
    1424,
    3472,
    1376,
    3152,
    816,
    3776,
    864,
    3200,
    1168,
    3504,
    1088,
    3072,
    1984,
    3280,
    1584,
    3248,
    208,
    3056,
    688,
    3376,
    1056,
    3424,
    -240,
    2896,
    1328,
    3024,
    896,
    3120,
    1488,
    3200,
    1568,
    2864,
    592,
    2560,
    400,
    2832,
    1008,
    3088,
    848,
    3136,
    1408,
    2704,
    1632,
    2736,
    976,
    3104,
    816,
    3248,
    720,
    2656,
    800,
    3216,
    944,
    2816,
    896,
    2736,
    768,
    3040,
    1424,
    3296,
    1520,
    3072,
    784,
    3264,
    480,
    3072,
    912,
    3248,
    1152,
    3312,
    1376,
    3184,
    1264,
    3456,
    1584,
    2384,
    1152,
    2480,
    1040,
    3712,
    976,
    3248,
    496,
    3040,
    816,
    2720,
    368,
    3360,
    272,
    2800,
    976,
    2832,
    448,
    3040,
    928,
    3680,
    400,
    3536,
    528,
    2944,
    896,
    3232,
    1184,
    3360,
    960,
    3440,
    768,
    3888,
    672,
    3152,
    800,
    2768,
    864,
    2896,
    736,
    2240,
    1504,
    3008,
    528,
    2416,
    224,
    2752,
    768,
    2976,
    1504,
    3840,
    1504,
    3264,
    1120,
    2880,
    1024,
    3424,
    592,
    3168,
    1232,
    2848,
    1184,
    3376,
    688,
    4224,
    1216,
    3408,
    1520,
    3056,
    720,
    2928,
    464,
    3392,
    704,
    3424,
    960,
    3776,
    768,
    3280,
    608,
    3088,
    704,
    3088,
    688,
    3056,
    976,
    3248,
    1072,
    2672,
    1504,
    2560,
    496,
    2704,
    784,
    3104,
    720,
    2816,
    544,
    2512,
    944,
    3024,
    800,
    3312,
    1232,
    2736,
    1152,
    3264,
    1088,
    3568,
    1024,
    2992,
    640,
    3568,
    1056,
    2896,
    272,
    2752,
    1376,
    3232,
    800,
    3152,
    608,
    2992,
    864,
    2784,
    1168,
    3184,
    928,
    3216,
    400,
    2832,
    240,
    3264,
    1072,
    2992,
    480,
    3568,
    1104,
    2832,
    736,
    2480,
    416,
    2784,
    1376,
    3440,
    -64,
    3232,
    208,
    2944,
    976,
    2672,
    1600,
    2800,
    432,
    2848,
    816,
    2624,
    912,
    2624,
    960,
    3248,
    1056,
    2656,
    1056,
    3424,
    864,
    3248,
    848,
    2736,
    592,
    2704,
    1008,
    2752,
    1248,
    3104,
    1552,
    2176,
    1744,
    3120,
    1296,
    3600,
    656,
    3488,
    1104,
    3344,
    1008,
    3280,
    1056,
    3552,
    1472,
    3184,
    432,
    2704,
    208,
    3280,
    1344,
    2496,
    464,
    3168,
    -112,
    3728,
    896,
    2784,
    624,
    2720,
    832,
    3008,
    1072,
    3040,
    1136,
    3520,
    768,
    3376,
    768,
    3424,
    720,
    3520,
    992,
    3088,
    736,
    3632,
    1408,
    4112,
    1488,
    3520,
    736,
    3120,
    800,
    3040,
    624,
    3920,
    672,
    3136,
    768,
    2960,
    768,
    3584,
    1184,
    3312,
    1184,
    2832,
    272,
    2736,
    416,
    2960,
    608,
    3808,
    816,
    3136,
    448,
    2736,
    880,
    3264,
    1120,
    3248,
    944,
    2896,
    1088,
    2432,
    1488,
    2560,
    1440,
    2512,
    640,
    2880,
    528,
    3312,
    544,
    2800,
    1008,
    2368,
    1168,
    3376,
    752,
    3184,
    1008,
    2080,
    880,
    3200,
    320,
    3216,
    1328,
    3056,
    1152,
    2528,
    1360,
    2896,
    736,
    3344,
    576,
    3680,
    832,
    3456,
    1280,
    3136,
    1136,
    2832,
    1360,
    4048,
    1232,
    3584,
    400,
    3360,
    720,
    3728,
    1344,
    3440,
    768,
    3008,
    1216,
    3136,
    1040,
    3392,
    976,
    3712,
    1472,
    3312,
    1264,
    2576,
    1280,
    3152,
    816,
    3408,
    544,
    3296,
    880,
    3120,
    352,
    2864,
    432,
    2848,
    784,
    2992,
    976,
    3056,
    976,
    3072,
    1104,
    2960,
    1248,
    3088,
    992,
    3424,
    832,
    2816,
    1040,
    2816,
    1392,
    3264,
    1504,
    3264,
    1280,
    3168,
    912,
    3104,
    1264,
    3680,
    1008,
    3488,
    1200,
    2736,
    736,
    2192,
    912,
    3408,
    1520,
    3200,
    1280,
    2960,
    432,
    2752,
    448,
    3040,
    816,
    2848,
    800,
    3936,
    832,
    3392,
    1472,
    2992,
    912,
    3264,
    1024,
    2800,
    304,
    3376,
    1088,
    3488,
    1344,
    2976,
    1024,
    2832,
    672,
    2880,
    816,
    2768,
    672,
    3280,
    976,
    3216,
    1168,
    2192,
    1104,
    3152,
    1728,
    3408,
    864,
    3040,
    880,
    3360,
    1104,
    3008,
    560,
    3312,
    1184,
    3568,
    2064,
    2704,
    576,
    3264,
    784,
    3600,
    592,
    3360,
    912,
    3008,
    880,
    3376,
    1104,
    3056,
    1584,
    2944,
    1328,
    3392,
    672,
    3280,
    1040,
    3040,
    1040,
    3664,
    1248,
    2640,
    1264,
    2992,
    1040,
    3040,
    304,
    3488,
    864,
    2992,
    912,
    3344,
    464,
    2960,
    912,
    2992,
    1056,
    3392,
    512,
    3312,
    992,
    3152,
    784,
    2576,
    336,
    2992,
    560,
    3168,
    1472,
    3104,
    1248,
    3136,
    544,
    2704,
    1456,
    3472,
    1408,
    2704,
    1312,
    3184,
    1488,
    3456,
    544,
    3232,
    1200,
    2496,
    1856,
    3040,
    864,
    3328,
    880,
    3840,
    624,
    3232,
    1648,
    3024,
    1264,
    3104,
    400,
    2656,
    736,
    2784,
    1024,
    3312,
    1200,
    3136,
    688,
    3312,
    1232,
    2736,
    1488,
    3168,
    240,
    2960,
    1088,
    3376,
    1360,
    2976,
    816,
    2640,
    896,
    2992,
    1392,
    3040,
    1328,
    3248,
    992,
    3504,
    816,
    3168,
    1392,
    3216,
    1152,
    3152,
    1200,
    3440,
    1472,
    2848,
    912,
    2992,
    928,
    3152,
    1600,
    2624,
    1168,
    3312,
    1456,
    3136,
    896,
    2704,
    1344,
    3632,
    512,
    3408,
    1552,
    2928,
    1568,
    2656,
    1296,
    2816,
    1200,
    3488,
    1280,
    3024,
    1072,
    2560,
    1680,
    2896,
    1584,
    3008,
    1312,
    2992,
    1184,
    2768,
    1184,
    2384,
    1232,
    2896,
    992,
    2832,
    1024,
    3248,
    816,
    3056,
    1424,
    3104,
    1376,
    3088,
    400,
    2752,
    -432,
    3296,
    1072,
    3152,
    1840,
    2896,
    1360,
    3328,
    1344,
    3376,
    992,
    2864,
    880,
    3024,
    1136,
    2960,
    992,
    2752,
    1536,
    3152,
    1072,
    2688,
    1216,
    2992,
    1184,
    2496,
    1040,
    2560,
    400,
    3280,
    640,
    3792,
    1184,
    2880,
    576,
    2960,
    832,
    3280,
    848,
    3232,
    672,
    3584,
    176,
    3184,
    848,
    3120,
    1312,
    4288,
    1648,
    3728,
    1248,
    2512,
    512,
    3104,
    1056,
    3264,
    752,
    2704,
    1136,
    3504,
    1616,
    2896,
    1584,
    3424,
    1248,
    3504,
    1472,
    3072,
    944,
    2816,
    784,
    3728,
    592,
    3696,
    448,
    3168,
    816,
    2768,
    576,
    3264,
    736,
    3376,
    1136,
    3024,
    1424,
    2768,
    352,
    2640,
    368,
    3200,
    512,
    3040,
    832,
    2800,
    528,
    3104,
    432,
    3824,
    944,
    3472,
    336,
    3504,
    720,
    3072,
    960,
    2784,
    784,
    3248,
    1216,
    3040,
    1232,
    2912,
    1008,
    3680,
    1584,
    3152,
    1616,
    3296,
    1056,
    2752,
    928,
    3152,
    704,
    3232,
    1120,
    3344,
    240,
    3344,
    336,
    2752,
    1216,
    2544,
    656,
    3264,
    592,
    3488,
    1008,
    3248,
    896,
    2848,
    912,
    3360,
    912,
    3440,
    880,
    3472,
    1120,
    2816,
    992,
    3232,
    912,
    3392,
    1312,
    3216,
    496,
    2736,
    768,
    3200,
    1104,
    2656,
    832,
    3088,
    1584,
    3344,
    1248,
    3488,
    832,
    2976,
    960,
    3120,
    496,
    3296,
    1248,
    2736,
    1552,
    3520,
    912,
    3328,
    1040,
    3600,
    1216,
    3344,
    1184,
    3136,
    656,
    2992,
    640,
    3104,
    704,
    2704,
    832,
    2480,
    736,
    3264,
    1184,
    3232,
    1840,
    3536,
    1488,
    2848,
    1008,
    2448,
    1328,
    2928,
    592,
    3056,
    688,
    3408,
    736,
    2928,
    1392,
    2848,
    1024,
    2512,
    1104,
    2624,
    1552,
    3296,
    1520,
    3536,
    1072,
    3008,
    816,
    3696,
    1264,
    4192,
    864,
    2864,
    496,
    3536,
    912,
    3648,
    640,
    2880,
    896,
    3072,
    1088,
    3040,
    1008,
    3440,
    1456,
    3104,
    480,
    3248,
    832,
    3168,
    1008,
    3520,
    1648,
    3568,
    1520,
    2752,
    1152,
    2784,
    1584,
    2928,
    912,
    3072,
    992,
    2960,
    1072,
    2640,
    992,
    2432,
    1264,
    2800,
    1232,
    3136,
    976,
    3248,
    1200,
    3216,
    1136,
    3008,
    1200,
    3984,
    1888,
    3248,
    1200,
    3168,
    896,
    2800,
    800,
    2448,
    688,
    3552,
    1152,
    3344,
    272,
    3424,
    992,
    3440,
    1840,
    3072,
    1808,
    2912,
    992,
    3648,
    1216,
    2912,
    1040,
    3056,
    1200,
    3072,
    1568,
    2992,
    720,
    3104,
    1152,
    3488,
    816,
    3056,
    1056,
    3088,
    272,
    3360,
    608,
    3760,
    1424,
    2912,
    1312,
    2736,
    1456,
    3376,
    656,
    3296,
    1024,
    3168,
    832,
    3504,
    784,
    2832,
    1376,
    2720,
    1040,
    3232,
    960,
    2896,
    1504,
    2544,
    368,
    3024,
    720,
    4064,
    1232,
    3472,
    1296,
    3216,
    1504,
    3056,
    1168,
    3008,
    1312,
    2784,
    1040,
    2512,
    944,
    2400,
    688,
    2560,
    720,
    3456,
    528,
    3872,
    912,
    3232,
    784,
    3728,
    448,
    2880,
    1040,
    2912,
    400,
    2880,
    128,
    3232,
    320,
    3344,
    880,
    3168,
    1728,
    2880,
    1024,
    2976,
    1136,
    3184,
    1584,
    2704,
    272,
    2576,
    1104,
    2576,
    672,
    2784,
    1120,
    3104,
    1392,
    3040,
    1104,
    3312,
    960,
    2896,
    256,
    3408,
    1088,
    2640,
    1376,
    2880,
    912,
    3520,
    1264,
    3312,
    992,
    3312,
    512,
    3072,
    768,
    2816,
    880,
    2672,
    1616,
    3040,
    1360,
    2976,
    368,
    3200,
    752,
    3392,
    1104,
    3648,
    1280,
    3392,
    944,
    3808,
    1040,
    2400,
    1344,
    2640,
    1088,
    3648,
    896,
    3136,
    1184,
    3408,
    1824,
    3536,
    912,
    3136,
    1120,
    3424,
    1216,
    2992,
    704,
    3280,
    928,
    2896,
    1200,
    2656,
    1344,
    3088,
    752,
    3232,
    688,
    3312,
    736,
    2368,
    1008,
    3008,
    1360,
    2944,
    960,
    3712,
    1008,
    3840,
    688,
    3008,
    1312,
    1936,
    1584,
    2944,
    704,
    3248,
    1120,
    2960,
    1440,
    2672,
    1216,
    2720,
    48,
    2928,
    1504,
    2800,
    1312,
    2896,
    1040,
    2976,
    816,
    2704,
    1216,
    3632,
    1216,
    3216,
    1088,
    2416,
    368,
    3184,
    80,
    3456,
    448,
    3408,
    1488,
    2896,
    1328,
    2544,
    816,
    3232,
    720,
    3312,
    624,
    3264,
    1632,
    2816,
    1344,
    3408,
    720,
    3520,
    640,
    3360,
    960,
    3424,
    336,
    3360,
    320,
    3248,
    672,
    2640,
    1056,
    3248,
    1056,
    3520,
    704,
    2848,
    512,
    2848,
    1168,
    3088,
    1152,
    3008,
    1616,
    3600,
    1472,
    3328,
    576,
    2496,
    704,
    3184,
    1280,
    3136,
    688,
    2832,
    272,
    2976,
    1296,
    2816,
    592,
    2992,
    1664,
    2832,
    1968,
    2752,
    1328,
    3664,
    1184,
    3200,
    1008,
    2832,
    1136,
    3024,
    384,
    3024,
    992,
    3360,
    1424,
    3344,
    416,
    3504,
    480,
    3568,
    928,
    3296,
    1424,
    2928,
    1296,
    3728,
    944,
    3824,
    1296,
    2592,
    608,
    2624,
    880,
    2992,
    1152,
    2768,
    864,
    3280,
    944,
    3776,
    560,
    3008,
    832,
    2992,
    1408,
    3136,
    752,
    2960,
    704,
    3184,
    1008,
    3200,
    1184,
    2800,
    464,
    3392,
    304,
    3104,
    592,
    3104,
    1408,
    3200,
    1376,
    2512,
    512,
    2432,
    64,
    3056,
    608,
    3280,
    1424,
    3280,
    1120,
    3120,
    752,
    2960,
    1024,
    3328,
    1184,
    3056,
    1056,
    2896,
    816,
    3488,
    832,
    3120,
    1776,
    3264,
    1072,
    2448,
    736,
    2656,
    1488,
    3008,
    1408,
    2592,
    1104,
    2784,
    672,
    3552,
    976,
    2528,
    944,
    3088,
    704,
    3296,
    1392,
    3408,
    1024,
    3536,
    432,
    2624,
    720,
    2880,
    496,
    2432,
    560,
    3424,
    80,
    3376,
    1104,
    2480,
    1472,
    2800,
    1120,
    3648,
    704,
    2704,
    704,
    3376,
    1008,
    3264,
    1072,
    3216,
    1088,
    3392,
    992,
    3184,
    1232,
    3504,
    1360,
    3328,
    944,
    2928,
    2112,
    3040,
    1728,
    3376,
    464,
    3104,
    1024,
    3152,
    624,
    2752,
    1344,
    2656,
    1440,
    3392,
    1104,
    3184,
    1136,
    2688,
    1136,
    3248,
    1088,
    3264,
    1040,
    3040,
    608,
    3360,
    1216,
    3200,
    1296,
    2560,
    1072,
    2928,
    1104,
    3440,
    1584,
    3808,
    1104,
    3136,
    1136,
    2336,
    992,
    2976,
    1248,
    2416,
    1712,
    2720,
    1248,
    3264,
    1392,
    2752,
    528,
    3424,
    1248,
    3584,
    736,
    2944,
    880,
    2544,
    800,
    2848,
    1328,
    3184,
    1072,
    3248,
    1648,
    3664,
    992,
    3568,
    672,
    3392,
    1424,
    3296,
    2048,
    2464,
    1264,
    2752,
    1504,
    2896,
    960,
    2608,
    1088,
    2784,
    944,
    3888,
    1024,
    3856,
    1376,
    2848,
    416,
    3344,
    1088,
    3040,
    1184,
    3104,
    880,
    3248,
    624,
    3168,
    896,
    3456,
    1136,
    3472,
    960,
    2496,
    976,
    2816,
    1392,
    3040,
    992,
    2704,
    1616,
    2928,
    1520,
    3008,
    1584,
    3728,
    1520,
    3360,
    1072,
    2432,
    640,
    3104,
    1584,
    3456,
    1344,
    3072,
    1088,
    3024,
    832,
    2832,
    960,
    3504,
    832,
    3456,
    1216,
    2608,
    1776,
    2880,
    1536,
    3056,
    1280,
    3184,
    1600,
    2992,
    1312,
    2608,
    1312,
    3168,
    1456,
    3104,
    992,
    2560,
    1104,
    2656,
    864,
    3376,
    1824,
    2800,
    1536,
    2496,
    1184,
    2784,
    1408,
    3088,
    1824,
    3216,
    576,
    3136,
    1216,
    3328,
    1488,
    2960,
    832,
    3136,
    864,
    2592,
    976,
    3136,
    976,
    3200,
    1456,
    2512,
    1616,
    2800,
    1584,
    2864,
    1680,
    2336,
    1312,
    2784,
    1264,
    3168,
    1088,
    3504,
    1168,
    3296,
    608,
    3040,
    1584,
    2800,
    1536,
    3536,
    448,
    3040,
    1472,
    2720,
    1424,
    3488,
    1680,
    3328,
    1312,
    3232,
    720,
    3040,
    1008,
    3280,
    1424,
    3616,
    1056,
    3360,
    832,
    3232,
    1472,
    2928,
    1680,
    2384,
    1552,
    2928,
    1456,
    2864,
    784,
    2400,
    624,
    2736,
    1152,
    3232,
    1680,
    3168,
    1616,
    2256,
    1168,
    3136,
    1040,
    3152,
    1072,
    2832,
    912,
    3200,
    1520,
    2640,
    1440,
    3136,
    912,
    3760,
    432,
    2944,
    1072,
    2640,
    1456,
    2832,
    1456,
    3824,
    1120,
    3024,
    912,
    2848,
    1056,
    2976,
    1200,
    2304,
    928,
    2432,
    1120,
    2672,
    1968,
    3136,
    1120,
    3696,
    816,
    2656,
    1440,
    2080,
    704,
    3088,
    1360,
    3504,
    896,
    3024,
    880,
    2848,
    1360,
    2576,
    1648,
    2672,
    1408,
    3328,
    1072,
    3216,
    1520,
    3280,
    912,
    3552,
    2080,
    3776,
    1440,
    3168,
    640,
    2592,
    1392,
    3472,
    880,
    3424,
    1200,
    2768,
    1344,
    3104,
    1248,
    2800,
    1312,
    3072,
    1296,
    3664,
    896,
    2848,
    928,
    2784,
    928,
    2384,
    544,
    2176,
    560,
    3280,
    1408,
    2992,
    880,
    2512,
    1008,
    2992,
    1152,
    3008,
    864,
    3056,
    656,
    3536,
    944,
    3728,
    1248,
    3072,
    1488,
    2624,
    1248,
    3040,
    1456,
    2160,
    1600,
    2672,
    1744,
    3104,
    1248,
    3296,
    1344,
    2848,
    1232,
    3328,
    1280,
    2944,
    1296,
    3136,
    1264,
    3120,
    1344,
    2960,
    1824,
    3408,
    1584,
    2720,
    1056,
    2576,
    1008,
    3248,
    1264,
    2832,
    1392,
    2832,
    1216,
    2448,
    1584,
    2400,
    1168,
    2800,
    992,
    2464,
    1424,
    3248,
    1232,
    3552,
    1616,
    2576,
    1120,
    2576,
    960,
    3376,
    544,
    2432,
    1504,
    2912,
    912,
    2816,
    976,
    2976,
    1696,
    3008,
    1312,
    2592,
    1104,
    2768,
    1440,
    2656,
    864,
    3136,
    1488,
    2896,
    1040,
    3456,
    576,
    4016,
    976,
    3856,
    1536,
    2944,
    848,
    3296,
    1392,
    3408,
    1536,
    3008,
    928,
    2912,
    1760,
    3600,
    1360,
    2944,
    640,
    2480,
    1632,
    3472,
    1136,
    3600,
    1264,
    2336,
    1104,
    2816,
    1024,
    3488,
    1232,
    2928,
    768,
    2752,
    1504,
    3088,
    1520,
    2928,
    928,
    2928,
    1424,
    3216,
    1472,
    2736,
    1072,
    2960,
    1536,
    2816,
    1840,
    3616,
    1376,
    3216,
    944,
    2928,
    1616,
    2944,
    896,
    3040,
    592,
    3520,
    1280,
    2880,
    992,
    2640,
    1328,
    2944,
    832,
    2896,
    640,
    2880,
    816,
    2784,
    1248,
    2768,
    1264,
    2432,
    544,
    3632,
    1120,
    3552,
    592,
    2624,
    464,
    2896,
    1328,
    3536,
    1072,
    3392,
    1424,
    2912,
    1040,
    3168,
    880,
    3168,
    1536,
    3376,
    960,
    3392,
    864,
    3504,
    1536,
    3200,
    1376,
    3312,
    1328,
    3488,
    944,
    3040,
    352,
    2640,
    784,
    2400,
    1200,
    3440,
    1280,
    3504,
    1312,
    3104,
    736,
    3056,
    592,
    3504,
    1088,
    3232,
    960,
    2880,
    1616,
    3376,
    1776,
    3200,
    704,
    3248,
    1376,
    3024,
    1008,
    2736,
    1472,
    3328,
    1296,
    3584,
    1664,
    3008,
    1104,
    3184,
    1232,
    3568,
    1760,
    3088,
    1392,
    2784,
    1760,
    2880,
    736,
    2912,
    944,
    2896,
    1440,
    2624,
    1872,
    3008,
    1104,
    3824,
    1200,
    2912,
    1600,
    2656,
    1616,
    2768,
    2176,
    2704,
    1792,
    3184,
    1536,
    3616,
    1504,
    3312,
    1504,
    3520,
    1088,
    3392,
    1312,
    3680,
    1888,
    3200,
    1312,
    3248,
    1136,
    3328,
    1824,
    3360,
    1232,
    3536,
    1840,
    2656,
    1312,
    2848,
    1232,
    3488,
    1648,
    3376,
    1168,
    3360,
    752,
    3488,
    1312,
    3328,
    1456,
    2688,
    1824,
    3264,
    1392,
    3456,
    1248,
    2352,
    544,
    3200,
    1248,
    3136,
    1552,
    2688,
    1216,
    3056,
    1360,
    2992,
    1584,
    3248,
    928,
    2864,
    496,
    3040,
    1056,
    3504,
    1216,
    3168,
    928,
    2864,
    1360,
    2720,
    1568,
    2944,
    768,
    2944,
    1232,
    2736,
    1184,
    2704,
    1568,
    2848,
    608,
    3104,
    832,
    2800,
    1152,
    2736,
    480,
    2592,
    928,
    2704,
    1280,
    2880,
    1200,
    2592,
    1232,
    2896,
    1136,
    2928,
    912,
    3248,
    1296,
    3008,
    1184,
    3520,
    1136,
    3264,
    1088,
    3344,
    1008,
    3504,
    1136,
    2720,
    960,
    2800,
    1408,
    3376,
    992,
    2992,
    2048,
    3088,
    1744,
    3008,
    1104,
    2896,
    1120,
    3264,
    944,
    3008,
    1152,
    3216,
    1584,
    2784,
    912,
    3328,
    1552,
    3360,
    1056,
    3520,
    1248,
    3440,
    928,
    3280,
    368,
    3008,
    1136,
    3280,
    1888,
    2800,
    816,
    2928,
    1056,
    3696,
    1664,
    3056,
    880,
    3024,
    1040,
    2032,
    1216,
    3088,
    1648,
    3552,
    624,
    3104,
    544,
    3152,
    592,
    3408,
    1040,
    3104,
    1648,
    3008,
    1744,
    3104,
    2016,
    3760,
    816,
    3152,
    880,
    2816,
    1872,
    3088,
    1904,
    2720,
    1648,
    3248,
    1216,
    3392,
    1520,
    2560,
    1504,
    3424,
    1552,
    3488,
    976,
    2720,
    1136,
    3392,
    912,
    3216,
    1680,
    3376,
    1504,
    2784,
    1984,
    3104,
    1344,
    3312,
    1376,
    2896,
    1472,
    2720,
    976,
    2432,
    960,
    2416,
    1472,
    2800,
    1872,
    2752,
    944,
    3264,
    1840,
    3808,
    1360,
    3120,
    768,
    2832,
    1120,
    2800,
    1472,
    2576,
    1072,
    2944,
    1520,
    2704,
    1152,
    3152,
    1728,
    3328,
    1200,
    2800,
    352,
    2992,
    768,
    2784,
    1456,
    2848,
    736,
    3024,
    1488,
    3056,
    1296,
    2672,
    1456,
    2880,
    1312,
    2544,
    1168,
    2704,
    960,
    3248,
    1216,
    2704,
    528,
    3440,
    960,
    3040,
    1184,
    2976,
    1568,
    3856,
    976,
    3040,
    928,
    2224,
    992,
    2512,
    1104,
    3152,
    1248,
    3344,
    1376,
    3152,
    1248,
    3568,
    -80,
    2800,
    2176,
    3136,
    992,
    2992,
    1328,
    2752,
    1440,
    3040,
    896,
    3072,
    304,
    3200,
    1584,
    3312,
    1008,
    2720,
    1664,
    3120,
    704,
    3008,
    832,
    2800,
    1744,
    2752,
    1600,
    2976,
    1584,
    3488,
    976,
    2896,
    1312,
    3104,
    1856,
    2352,
    928,
    2688,
    1152,
    3296,
    1312,
    2720,
    1168,
    3808,
    736,
    3088,
    1504,
    2512,
    1760,
    3104,
    2064,
    3056,
    1200,
    2752,
    912,
    2672,
    1504,
    2688,
    1696,
    2848,
    800,
    2992,
    1216,
    3168,
    1488,
    3088,
    1296,
    3312,
    1728,
    3344,
    1376,
    3216,
    1536,
    2560,
    1568,
    2752,
    2048,
    3616,
    1792,
    3296,
    976,
    3136,
    1328,
    3648,
    1104,
    2976,
    1344,
    2960,
    1136,
    3632,
    1536,
    3600,
    1440,
    3696,
    928,
    3552,
    1200,
    3440,
    1968,
    2800,
    1680,
    3328,
    1200,
    2864,
    656,
    2416,
    1248,
    2784,
    1360,
    2640,
    1088,
    3216,
    1424,
    3568,
    1504,
    2432,
    1392,
    3040,
    1184,
    3376,
    944,
    3344,
    1088,
    2832,
    1392,
    3008,
    1408,
    3120,
    992,
    2848,
    1024,
    2848,
    848,
    2960,
    1008,
    2864,
    800,
    3360,
    976,
    2800,
    832,
    3408,
    1104,
    3472,
    1184,
    2864,
    1056,
    2688,
    704,
    2960,
    1056,
    2688,
    1616,
    3696,
    1088,
    3648,
    1616,
    2960,
    944,
    3472,
    736,
    3024,
    1056,
    3360,
    944,
    2512,
    720,
    2656,
    992,
    2784,
    1504,
    2816,
    1312,
    3424,
    1552,
    3344,
    1920,
    3584,
    1632,
    2528,
    688,
    2864,
    1520,
    3552,
    1600,
    3408,
    1376,
    2480,
    960,
    2928,
    1152,
    2672,
    1424,
    3024,
    1632,
    2912,
    1632,
    2800,
    1344,
    3216,
    1872,
    3504,
    1408,
    3760,
    1344,
    3664,
    1696,
    2784,
    1248,
    2752,
    816,
    2912,
    1744,
    2736,
    704,
    3360,
    1360,
    2736,
    1120,
    2816,
    848,
    3200,
    1792,
    3168,
    1536,
    3344,
    1344,
    2656,
    2032,
    2656,
    1648,
    3008,
    1200,
    2528,
    1344,
    3152,
    1248,
    3232,
    1264,
    2864,
    1344,
    3936,
    1424,
    2880,
    960,
    2240,
    1840,
    2768,
    1280,
    2656,
    816,
    2752,
    1504,
    2784,
    560,
    2880,
    1008,
    3536,
    1696,
    2816,
    1152,
    2464,
    1600,
    3168,
    1328,
    3408,
    1840,
    2880,
    1680,
    3296,
    912,
    2768,
    304,
    2992,
    1392,
    2592,
    1136,
    2944,
    1088,
    2816,
    928,
    2560,
    1184,
    2784,
    1264,
    2336,
    1328,
    3120,
    1568,
    3632,
    1184,
    2496,
    1424,
    3120,
    1696,
    2672,
    1232,
    2992,
    688,
    3216,
    752,
    3008,
    1536,
    3008,
    1424,
    2992,
    784,
    3184,
    1424,
    3040,
    1088,
    3472,
    1328,
    3200,
    960,
    2944,
    1312,
    2752,
    1472,
    3216,
    1264,
    2608,
    1424,
    2800,
    1072,
    3616,
    1232,
    2848,
    1328,
    2544,
    1392,
    3520,
    1520,
    2624,
    1616,
    2848,
    1376,
    3024,
    1760,
    4016,
    1728,
    3488,
    768,
    2832,
    1424,
    3216,
    1008,
    2912,
    1184,
    2640,
    1456,
    2800,
    1712,
    2960,
    1664,
    2640,
    912,
    3152,
    2016,
    2640,
    1200,
    2336,
    768,
    2592,
    960,
    2944,
    1552,
    3040,
    1472,
    2720,
    1504,
    3040,
    1520,
    2832,
    1744,
    2704,
    1584,
    2800,
    1072,
    3168,
    1184,
    3392,
    1376,
    2976,
    1344,
    2640,
    1936,
    3024,
    1616,
    3104,
    976,
    3696,
    896,
    2688,
    1552,
    2656,
    1504,
    3088,
    1072,
    2960,
    1232,
    3728,
    1392,
    3008,
    1280,
    2992,
    1328,
    3632,
    1264,
    3568,
    1552,
    3488,
    1712,
    3056,
    1936,
    3056,
    1056,
    3216,
    784,
    3168,
    1648,
    3328,
    752,
    2368,
    704,
    3296,
    1120,
    3664,
    1072,
    3744,
    992,
    3312,
    1152,
    3280,
    1680,
    3248,
    1504,
    3216,
    1808,
    3776,
    1296,
    2832,
    96,
    3200,
    1072,
    2720,
    1136,
    3408,
    1152,
    3760,
    2064,
    3152,
    1216,
    2720,
    1120,
    2720,
    1472,
    2784,
    1216,
    3360,
    1392,
    3008,
    1072,
    1824,
    1008,
    3472,
    992,
    3072,
    1712,
    2960,
    1312,
    3632,
    1376,
    3600,
    1808,
    2944,
    1584,
    3136,
    1632,
    3200,
    1584,
    3232,
    1088,
    2880,
    1440,
    3152,
    1264,
    2688,
    1216,
    3184,
    1568,
    3008,
    1184,
    2816,
    848,
    3280,
    1504,
    2784,
    1264,
    2560,
    1232,
    3312,
    1712,
    2752,
    1472,
    2912,
    1392,
    3376,
    1296,
    3760,
    1648,
    3200,
    1328,
    3200,
    1632,
    3296,
    1984,
    2976,
    1328,
    3680,
    1648,
    3552,
    1760,
    2704,
    1408,
    2864,
    1808,
    3408,
    1264,
    3232,
    1696,
    2624,
    1360,
    2784,
    960,
    3312,
    1968,
    3312,
    1408,
    2416,
    1088,
    3040,
    1840,
    3536,
    1712,
    2528,
    960,
    3376,
    1024,
    3200,
    2000,
    3360,
    752,
    3328,
    752,
    3424,
    736,
    3184,
    560,
    2608,
    1232,
    2688,
    1152,
    3136,
    560,
    2128,
    400,
    2192,
    752,
    3248,
    1552,
    3536,
    960,
    3008,
    1392,
    2864,
    2080,
    3216,
    1488,
    3568,
    1312,
    2928,
    1680,
    3040,
    1808,
    3312,
    720,
    3136,
    256,
    3792,
    976,
    3216,
    1488,
    2640,
    1536,
    3296,
    640,
    3104,
    528,
    2688,
    1200,
    3472,
    1120,
    3200,
    1200,
    3456,
    2144,
    3536,
    2080,
    2880,
    1136,
    4048,
    1376,
    3600,
    544,
    3456,
    800,
    2864,
    1760,
    2656,
    1760,
    2864,
    1120,
    2400,
    1408,
    3216,
    1776,
    2848,
    720,
    2736,
    672,
    3408,
    1200,
    3168,
    896,
    2800,
    1440,
    2784,
    1504,
    2928,
    1792,
    2784,
    1056,
    2912,
    848,
    3248,
    1488,
    3152,
    1232,
    3216,
    1504,
    3296,
    1584,
    3056,
    1184,
    3232,
    1632,
    3520,
    1104,
    3632,
    1264,
    2592,
    1360,
    2944,
    1216,
    3328,
    992,
    2640,
    1104,
    2928,
    1664,
    3248,
    1840,
    2656,
    816,
    2448,
    2272,
    2448,
    1456,
    3120,
    1600,
    3376,
    1568,
    2848,
    1920,
    3008,
    1328,
    3488,
    1184,
    3408,
    1856,
    2800,
    1504,
    2752,
    1712,
    2832,
    1408,
    2800,
    1264,
    2928,
    1552,
    3264,
    1264,
    3200,
    1488,
    2928,
    672,
    2608,
    784,
    3152,
    1856,
    3008,
    1840,
    2080,
    1504,
    2464,
    784,
    3392,
    1072,
    2656,
    1152,
    2832,
    1824,
    3088,
    1440,
    3456,
    1200,
    3200,
    704,
    3376,
    1632,
    3280,
    1568,
    3552,
    1344,
    3280,
    1552,
    2976,
    1424,
    3072,
    1040,
    2928,
    832,
    2944,
    1136,
    2624,
    1792,
    2752,
    1616,
    2432,
    928,
    2496,
    1424,
    2512,
    1152,
    2848,
    1728,
    2512,
    1104,
    2896,
    1456,
    3568,
    1792,
    3136,
    2112,
    2464,
    1056,
    2480,
    1184,
    2576,
    2240,
    2608,
    1536,
    2704,
    656,
    3568,
    1808,
    3728,
    1504,
    2656,
    1232,
    2800,
    1888,
    3168,
    896,
    3504,
    1744,
    3040,
    1632,
    2960,
    1456,
    2976,
    1632,
    3344,
    1376,
    3520,
    1168,
    3776,
    1616,
    3408,
    1472,
    2896,
    864,
    3232,
    1200,
    2784,
    1232,
    2496,
    2144,
    3232,
    1472,
    2896,
    1536,
    3024,
    1648,
    3072,
    1456,
    3440,
    1872,
    3072,
    1888,
    2688,
    1024,
    3696,
    2208,
    3136,
    1152,
    2176,
    1408,
    2848,
    1312,
    3360,
    848,
    3216,
    688,
    2864,
    1024,
    3296,
    1680,
    2704,
    1568,
    2720,
    1952,
    3344,
    2080,
    3776,
    1168,
    3184,
    1488,
    2928,
    1248,
    2432,
    864,
    2176,
    1152,
    2864,
    784,
    3152,
    1648,
    2832,
    1744,
    3472,
    1440,
    3104,
    1584,
    2304,
    1488,
    2752,
    976,
    2960,
    944,
    2672,
    1168,
    3136,
    1552,
    3104,
    1104,
    2912,
    896,
    3136,
    1312,
    3008,
    1760,
    2992,
    1120,
    3472,
    1472,
    3424,
    928,
    3264,
    1456,
    2816,
    768,
    2704,
    1232,
    2976,
    1120,
    2832,
    848,
    3248,
    1568,
    3360,
    1456,
    2592,
    1248,
    2848,
    1312,
    2112,
    1008,
    2480,
    1264,
    3168,
    1728,
    2928,
    960,
    2688,
    1856,
    3392,
    1360,
    3216,
    544,
    2816,
    1120,
    3040,
    1936,
    3552,
    1728,
    3072,
    1200,
    2736,
    1728,
    3280,
    1712,
    3520,
    880,
    2528,
    1024,
    2576,
    1440,
    2928,
    1456,
    3488,
    1248,
    3024,
    1952,
    3232,
    1184,
    3312,
    1200,
    3104,
    1632,
    3184,
    1520,
    3168,
    1712,
    2464,
    1440,
    2720,
    1504,
    2512,
    1312,
    3264,
    1504,
    3152,
    800,
    3216,
    944,
    3104,
    1184,
    2784,
    896,
    3456,
    1136,
    3184,
    1440,
    2800,
    1120,
    2928,
    1360,
    3040,
    1344,
    2432,
    1472,
    3216,
    1664,
    3104,
    1552,
    2912,
    784,
    2512,
    1024,
    2992,
    1312,
    2736,
    1232,
    3248,
    1504,
    3312,
    928,
    2896,
    832,
    2464,
    1072,
    2848,
    784,
    2880,
    1952,
    2912,
    1232,
    3616,
    1200,
    3392,
    2032,
    2576,
    1616,
    3296,
    1472,
    3248,
    1504,
    2416,
    1472,
    2992,
    1696,
    2720,
    1024,
    2144,
    1472,
    2256,
    1408,
    3136,
    1648,
    2352,
    1328,
    3104,
    1440,
    3360,
    1040,
    2320,
    1216,
    2528,
    2112,
    3424,
    1616,
    3056,
    1280,
    2560,
    960,
    2848,
    400,
    3040,
    1520,
    2640,
    1440,
    2640,
    1312,
    3120,
    1600,
    3232,
    1840,
    4112,
    1216,
    3744,
    1632,
    3296,
    1888,
    3008,
    912,
    2960,
    960,
    2720,
    1776,
    3136,
    1360,
    2768,
    1440,
    2704,
    944,
    3056,
    1008,
    3136,
    1520,
    3056,
    1504,
    3104,
    1216,
    2784,
    1216,
    2880,
    1584,
    3104,
    1792,
    3280,
    1136,
    3264,
    1296,
    3792,
    1232,
    2736,
    1488,
    2912,
    1312,
    2832,
    1456,
    2816,
    1888,
    2560,
    1168,
    2544,
    1264,
    2880,
    2224,
    2736,
    1456,
    2720,
    1632,
    2976,
    1728,
    2928,
    2016,
    3216,
    1776,
    3120,
    912,
    3072,
    768,
    3184,
    1568,
    3312,
    1664,
    2704,
    1168,
    2528,
    1760,
    2992,
    976,
    2864,
    1008,
    2736,
    1328,
    2992,
    1984,
    3632,
    1392,
    2816,
    752,
    2352,
    1456,
    3120,
    1440,
    2736,
    1408,
    2656,
    2192,
    2976,
    1584,
    2752,
    1264,
    2464,
    1968,
    2704,
    1232,
    3280,
    480,
    2704,
    1184,
    3088,
    1568,
    3328,
    1792,
    3040,
    1568,
    2576,
    1696,
    2784,
    1216,
    2288,
    1104,
    3088,
    1392,
    3584,
    1600,
    3104,
    1616,
    3184,
    1232,
    2880,
    1040,
    2784,
    1216,
    3520,
    1472,
    3248,
    1424,
    2800,
    800,
    3280,
    1392,
    2672,
    1680,
    2848,
    1360,
    3136,
    1920,
    2656,
    1216,
    3200,
    1328,
    3440,
    944,
    3040,
    1488,
    2768,
    1984,
    3056,
    1936,
    2752,
    1232,
    2288,
    1632,
    3216,
    896,
    2752,
    1680,
    2432,
    1200,
    2560,
    1920,
    2816,
    2288,
    3120,
    1328,
    2640,
    1248,
    2832,
    272,
    2912,
    1344,
    2720,
    1968,
    2144,
    1680,
    2704,
    1152,
    3440,
    1536,
    3664,
    1568,
    2912,
    1440,
    2976,
    1296,
    3712,
    1872,
    3152,
    1840,
    2112,
    1008,
    3072,
    1584,
    2768,
    1520,
    2752,
    1856,
    2960,
    1712,
    2976,
    1024,
    2400,
    1344,
    2928,
    1520,
    2816,
    1248,
    3392,
    1600,
    3328,
    1504,
    3040,
    1904,
    3072,
    1856,
    2848,
    1248,
    2256,
    1600,
    2400,
    1056,
    2400,
    1568,
    2848,
    1952,
    2784,
    1728,
    3168,
    1536,
    2736,
    1936,
    3456,
    1552,
    3264,
    1472,
    3440,
    1344,
    3760,
    1488,
    2560,
    1552,
    3264,
    592,
    2848,
    1200,
    2832,
    1152,
    3312,
    1552,
    3392,
    1824,
    3296,
    1552,
    3216,
    1712,
    3424,
    1472,
    2544,
    1632,
    2832,
    1680,
    3136,
    1120,
    2816,
    1296,
    2848,
    2144,
    2816,
    1360,
    2800,
    2000,
    3168,
    1968,
    3120,
    1120,
    2896,
    1024,
    2656,
    1504,
    2944,
    1088,
    2704,
    1616,
    2800,
    1040,
    2336,
    496,
    2768,
    1168,
    3056,
    1712,
    2992,
    1472,
    2608,
    1936,
    3584,
    976,
    2976,
    1008,
    2880,
    1232,
    3088,
    672,
    3008,
    992,
    2368,
    1600,
    2896,
    1728,
    3104,
    1536,
    2928,
    1776,
    2704,
    1632,
    3248,
    1136,
    3216,
    1504,
    2336,
    1904,
    2336,
    1792,
    2608,
    1440,
    2608,
    1232,
    3088,
    1664,
    3056,
    880,
    2816,
    1712,
    2608,
    2224,
    2496,
    1456,
    3392,
    1088,
    2720,
    1248,
    2384,
    1904,
    3104,
    1456,
    3344,
    1632,
    2592,
    2320,
    2240,
    1264,
    3264,
    1248,
    3360,
    1856,
    2912,
    992,
    3088,
    1056,
    3120,
    1024,
    2048,
    1712,
    2928,
    2576,
    3360,
    1200,
    2912,
    1552,
    3200,
    1184,
    3872,
    1040,
    2768,
    1568,
    2784,
    1536,
    2864,
    1296,
    2816,
    1104,
    2912,
    2064,
    2960,
    1680,
    2400,
    1376,
    2928,
    2192,
    3664,
    1024,
    2976,
    1584,
    3264,
    1504,
    2576,
    1008,
    2688,
    1984,
    3088,
    1600,
    3232,
    1552,
    2912,
    2064,
    2704,
    1744,
    2784,
    1232,
    3184,
    1712,
    3008,
    1392,
    3424,
    1264,
    3408,
    1840,
    2832,
    2128,
    3328,
    1344,
    2832,
    1024,
    2368,
    1920,
    2848,
    1328,
    2976,
    1264,
    3264,
    1712,
    2912,
    1472,
    2832,
    1392,
    3008,
    1776,
    2736,
    1120,
    2400,
    800,
    2736,
    1840,
    2768,
    1328,
    2912,
    1184,
    2688,
    1232,
    3248,
    1472,
    2992,
    1552,
    3040,
    1824,
    3216,
    1488,
    3088,
    1904,
    3216,
    1776,
    2240,
    1440,
    2656,
    976,
    2880,
    1808,
    3008,
    784,
    3248,
    1888,
    2608,
    1568,
    2624,
    1248,
    3360,
    1392,
    3056,
    1648,
    2576,
    1472,
    3040,
    1664,
    2896,
    2080,
    2912,
    1952,
    2944,
    1792,
    3104,
    1824,
    2592,
    2224,
    2944,
    1616,
    3312,
    1744,
    2976,
    1488,
    3056,
    1264,
    2784,
    1328,
    3056,
    1312,
    3216,
    1728,
    2560,
    1792,
    2816,
    1584,
    2464,
    1936,
    2960,
    1552,
    3328,
    1328,
    2912,
    1744,
    3008,
    1392,
    3248,
    1952,
    2672,
    2000,
    3056,
    1424,
    2896,
    1344,
    3104,
    1712,
    2608,
    1936,
    2896,
    848,
    2352,
    1392,
    3312,
    1840,
    2992,
    1440,
    2736,
    1584,
    3856,
    1632,
    2752,
    1424,
    2784,
    2192,
    3328,
    1392,
    3072,
    1504,
    3280,
    2464,
    3200,
    1568,
    3360,
    752,
    3312,
    1792,
    3360,
    752,
    2672,
    592,
    2672,
    1120,
    2784,
    1120,
    2816,
    1408,
    3136,
    1072,
    3072,
    1312,
    3184,
    1072,
    2800,
    1168,
    2752,
    1536,
    2624,
    1824,
    3408,
    1264,
    2816,
    1328,
    3088,
    976,
    3248,
    1392,
    2544,
    1392,
    2784,
    1312,
    2912,
    1616,
    3008,
    1536,
    2224,
    1424,
    2288,
    1120,
    2720,
    2048,
    2560,
    1744,
    2576,
    1456,
    2816,
    2560,
    3200,
    2016,
    2720,
    1856,
    3088,
    1744,
    3008,
    1616,
    2928,
    1776,
    2944,
    1712,
    2512,
    1184,
    2816,
    1024,
    3168,
    1776,
    3232,
    1312,
    3360,
    1312,
    2832,
    1472,
    2576,
    1616,
    3456,
    2032,
    3360,
    1712,
    3024,
    1840,
    2928,
    1024,
    2864,
    1216,
    3104,
    1216,
    3216,
    1008,
    3632,
    1120,
    3376,
    1200,
    2720,
    992,
    2992,
    1312,
    2848,
    2080,
    2928,
    1776,
    3136,
    1440,
    3168,
    928,
    3168,
    2208,
    2608,
    1264,
    3088,
    1248,
    2656,
    960,
    2480,
    1408,
    2672,
    1920,
    2688,
    1024,
    3232,
    1808,
    2960,
    1920,
    2544,
    1840,
    3200,
    2016,
    3392,
    1392,
    2832,
    656,
    3280,
    1552,
    3328,
    1952,
    3552,
    2096,
    2528,
    1568,
    3168,
    1968,
    3552,
    1248,
    2112,
    1424,
    2560,
    1936,
    2832,
    2080,
    3360,
    1136,
    2816,
    1344,
    2816,
    1872,
    3040,
    1568,
    3104,
    1376,
    3136,
    1760,
    3312,
    1968,
    2400,
    1568,
    2848,
    2432,
    2480,
    1392,
    2464,
    1888,
    3328,
    1568,
    3072,
    1792,
    2992,
    1952,
    2656,
    992,
    2496,
    1728,
    2736,
    1936,
    2352,
    1488,
    3616,
    1760,
    2864,
    2192,
    3488,
    1696,
    3104,
    848,
    2912,
    1440,
    3248,
    1344,
    3056,
    1872,
    2752,
    1264,
    3216,
    1088,
    4064,
    1984,
    2992,
    1056,
    2944,
    976,
    2784,
    1936,
    2736,
    1872,
    2656,
    2000,
    2960,
    2032,
    3152,
    1760,
    3248,
    1888,
    2912,
    1728,
    3120,
    2016,
    2368,
    2320,
    2512,
    1920,
    3408,
    1872,
    3008,
    1536,
    2992,
    1216,
    2848,
    2576,
    2816,
    1328,
    3088,
    1312,
    3552,
    1696,
    2544,
    1696,
    2304,
    1328,
    3024,
    1248,
    3376,
    1024,
    3040,
    1424,
    2752,
    1568,
    2000,
    1344,
    3072,
    1536,
    3040,
    1712,
    2080,
    1712,
    2544,
    1040,
    3376,
    1440,
    3072,
    1104,
    2432,
    1792,
    2704,
    1600,
    2512,
    1776,
    2816,
    1680,
    3168,
    1632,
    2784,
    1888,
    2400,
    1920,
    3296,
    1648,
    3072,
    1216,
    3200,
    1440,
    3360,
    1776,
    3008,
    1376,
    2384,
    2256,
    2848,
    2288,
    3056,
    1072,
    3024,
    1552,
    3568,
    1680,
    2960,
    1440,
    3088,
    1520,
    3040,
    1488,
    3248,
    720,
    3120,
    1504,
    3488,
    1392,
    3168,
    2080,
    3056,
    2160,
    2768,
    1904,
    2768,
    1888,
    3184,
    1552,
    2800,
    1440,
    2928,
    2000,
    3248,
    1536,
    3536,
    2240,
    2800,
    1648,
    2160,
    1952,
    2736,
    2032,
    2960,
    2272,
    2432,
    1808,
    2976,
    2128,
    2544,
    1392,
    2672,
    1696,
    2800,
    1376,
    3168,
    1216,
    3008,
    1856,
    3072,
    1504,
    3536,
    1008,
    3040,
    976,
    3536,
    2112,
    3136,
    1952,
    2912,
    1072,
    3424,
    1920,
    3248,
    1632,
    2832,
    1968,
    2848,
    1136,
    2640,
    1184,
    3088,
    2112,
    3120,
    1920,
    2320,
    1872,
    3488,
    1536,
    3056,
    2064,
    3264,
    1536,
    3520,
    1664,
    2592,
    1840,
    2288,
    1472,
    3328,
    1376,
    2608,
    1424,
    2656,
    1264,
    3360,
    1520,
    2848,
    1456,
    2592,
    784,
    2672,
    1696,
    3440,
    1984,
    3520,
    1264,
    3376,
    1152,
    2704,
    1920,
    1296,
    1680,
    3152,
    1600,
    3568,
    1760,
    3136,
    1824,
    3008,
    2016,
    2880,
    2112,
    2880,
    1696,
    2880,
    1232,
    3120,
    864,
    2912,
    2080,
    3744,
    1632,
    3056,
    1600,
    3376,
    1616,
    3216,
    1552,
    2272,
    1296,
    2816,
    1776,
    2592,
    1792,
    3040,
    1728,
    2576,
    2144,
    2832,
    1840,
    3200,
    1216,
    3072,
    1888,
    3152,
    1344,
    2464,
    1632,
    3136,
    1600,
    3008,
    1488,
    2848,
    1888,
    2832,
    2160,
    3472,
    1680,
    2736,
    1344,
    2880,
    1072,
    2688,
    1824,
    2976,
    1904,
    3024,
    1424,
    2752,
    2144,
    2576,
    1648,
    2256,
    1840,
    2448,
    1776,
    2704,
    2048,
    2976,
    1936,
    2896,
    1920,
    2704,
    1840,
    2528,
    1328,
    3776,
    1504,
    3008,
    1936,
    2944,
    2096,
    2688,
    1040,
    3296,
    1760,
    3344,
    1328,
    3264,
    1616,
    2752,
    1776,
    3376,
    1440,
    2400,
    1792,
    2464,
    1904,
    3072,
    1616,
    2784,
    1520,
    2176,
    1632,
    3120,
    1984,
    3216,
    1600,
    2912,
    1808,
    2992,
    1888,
    3088,
    2016,
    2624,
    1584,
    2736,
    1728,
    2688,
    1728,
    3296,
    1856,
    3168,
    2112,
    2864,
    1904,
    3232,
    1328,
    2992,
    1328,
    2688,
    1728,
    3200,
    1744,
    2928,
    1216,
    3040,
    1168,
    3104,
    1552,
    2816,
    1648,
    3536,
    1936,
    3968,
    2000,
    3456,
    1920,
    2896,
    1136,
    3168,
    1280,
    3472,
    2016,
    2592,
    2160,
    3248,
    1376,
    2464,
    1936,
    2976,
    1776,
    3136,
    1040,
    2288,
    1104,
    3120,
    1680,
    2736,
    2064,
    3120,
    1552,
    3392,
    1232,
    2656,
    1392,
    2640,
    1712,
    3280,
    1696,
    2496,
    992,
    2976,
    1168,
    3104,
    1952,
    2896,
    2112,
    2960,
    1664,
    2848,
    2320,
    2560,
    1024,
    3056,
    1856,
    3040,
    1568,
    2624,
    288,
    2896,
    1344,
    3296,
    1120,
    3104,
    992,
    2816,
    1792,
    2672,
    1584,
    2848,
    1392,
    2800,
    1408,
    2848,
    1568,
    3536,
    2016,
    3504,
    1744,
    3104,
    1632,
    2592,
    1440,
    2064,
    1504,
    2784,
    2016,
    3424,
    1808,
    3440,
    1344,
    3104,
    1520,
    2400,
    1216,
    3312,
    1232,
    3136,
    1600,
    2448,
    1616,
    3200,
    1040,
    3136,
    1168,
    2656,
    1520,
    2848,
    1664,
    2976,
    1328,
    2944,
    1104,
    2560,
    2064,
    2896,
    2160,
    2976,
    2016,
    3184,
    1424,
    2880,
    800,
    3312,
    1552,
    3040,
    1696,
    2256,
    1408,
    3168,
    1712,
    2960,
    2080,
    2688,
    1456,
    2816,
    1056,
    2224,
    2064,
    2240,
    1248,
    3216,
    1904,
    3200,
    1728,
    3344,
    1680,
    2800,
    1344,
    2864,
    1488,
    2768,
    2112,
    2208,
    2560,
    2464,
    1616,
    2800,
    1792,
    2304,
    2144,
    2912,
    1408,
    3168,
    1120,
    3088,
    1408,
    3408,
    1952,
    3024,
    1440,
    1904,
    2032,
    3024,
    1472,
    2336,
    1344,
    2080,
    1328,
    2912,
    1120,
    2592,
    1440,
    2800,
    816,
    2848,
    1568,
    2720,
    2064,
    2624,
    1328,
    3120,
    1328,
    2848,
    1200,
    3152,
    1392,
    3120,
    1888,
    2848,
    1072,
    1920,
    2208,
    2608,
    1504,
    2992,
    1696,
    2064,
    1296,
    2704,
    2160,
    3248,
    1328,
    2992,
    1344,
    2784,
    1824,
    3024,
    1760,
    3136,
    864,
    3216,
    1008,
    3280,
    2032,
    2528,
    960,
    3120,
    1872,
    3360,
    2160,
    2720,
    768,
    2288,
    1936,
    2720,
    1904,
    2512,
    1840,
    2832,
    2304,
    2752,
    1200,
    2432,
    1808,
    2912,
    1856,
    2960,
    1440,
    2640,
    1856,
    3488,
    2224,
    3488,
    1728,
    2960,
    1696,
    3344,
    1616,
    2288,
    1360,
    3216,
    1664,
    3360,
    1696,
    2672,
    1376,
    3024,
    1648,
    3072,
    2048,
    2832,
    1504,
    3184,
    1248,
    3120,
    1840,
    2880,
    1584,
    2640,
    2128,
    3216,
    1856,
    2688,
    1296,
    2416,
    1952,
    2928,
    1888,
    3040,
    1120,
    3056,
    1584,
    3296,
    2560,
    2672,
    1520,
    3424,
    1088,
    3312,
    1536,
    2896,
    1920,
    3392,
    1152,
    2336,
    1888,
    2992,
    2368,
    2752,
    1488,
    2800,
    1136,
    2672,
    1264,
    3344,
    1712,
    3008,
    1280,
    2976,
    976,
    2272,
    1920,
    2736,
    1904,
    2848,
    1696,
    2960,
    2000,
    3072,
    1712,
    2768,
    1888,
    3552,
    2112,
    2672,
    1424,
    3168,
    1504,
    3440,
    2208,
    2656,
    1856,
    2544,
    1664,
    2960,
    1616,
    3488,
    1312,
    3136,
    1520,
    2896,
    1648,
    2720,
    1744,
    2944,
    2384,
    3616,
    1584,
    2960,
    1520,
    2832,
    1904,
    2720,
    1712,
    2640,
    1744,
    3056,
    2016,
    3200,
    1728,
    2480,
    1456,
    3312,
    1312,
    2960,
    1504,
    2096,
    1792,
    2224,
    1792,
    3136,
    608,
    2672,
    1440,
    2288,
    2112,
    2496,
    992,
    3104,
    1296,
    2992,
    1632,
    2048,
    1936,
    1968,
    2160,
    2736,
    1936,
    3024,
    1712,
    3392,
    2240,
    2672,
    2656,
    2832,
    1600,
    3152,
    1024,
    3344,
    1536,
    3040,
    1360,
    2720,
    1872,
    3008,
    1872,
    3632,
    2016,
    3024,
    2128,
    2592,
    1584,
    1936,
    1216,
    2528,
    1328,
    3120,
    1696,
    3136,
    1632,
    2800,
    2112,
    3024,
    1248,
    2416,
    1328,
    2880,
    1888,
    3136,
    1952,
    2688,
    1536,
    2880,
    1680,
    3152,
    1616,
    2656,
    1632,
    2720,
    1744,
    2816,
    2080,
    2944,
    1408,
    3216,
    1536,
    3040,
    2016,
    2672,
    1712,
    2416,
    1552,
    3200,
    1696,
    2880,
    1152,
    3120,
    1360,
    2704,
    1744,
    2768,
    1856,
    3600,
    1408,
    2912,
    1248,
    2336,
    1760,
    2688,
    1616,
    2624,
    1664,
    2672,
    1872,
    2432,
    816,
    3088,
    1312,
    3088,
    912,
    2976,
    1184,
    3616,
    1744,
    3328,
    1120,
    3344,
    1584,
    3344,
    1776,
    2736,
    1248,
    2320,
    1664,
    2672,
    2416,
    3456,
    1488,
    3168,
    1920,
    3136,
    1824,
    2976,
    2000,
    2864,
    1232,
    2640,
    2000,
    3168,
    1152,
    3408,
    848,
    3152,
    2192,
    3344,
    1712,
    2640,
    1472,
    2672,
    1712,
    2928,
    1600,
    3056,
    1440,
    2880,
    1776,
    2432,
    1488,
    2688,
    1888,
    2784,
    2224,
    3168,
    2064,
    2800,
    1968,
    2800,
    1712,
    2624,
    1936,
    2720,
    1952,
    3200,
    2352,
    2704,
    1984,
    2432,
    1312,
    2240,
    1440,
    3008,
    2432,
    3344,
    1984,
    3072,
    1616,
    3024,
    1536,
    2608,
    1360,
    2576,
    1536,
    2576,
    2272,
    2368,
    2240,
    2960,
    1088,
    3552,
    1344,
    2752,
    1872,
    2768,
    1712,
    2672,
    1552,
    3168,
    1168,
    3120,
    1440,
    2896,
    2288,
    2720,
    2224,
    2896,
    1888,
    2752,
    2288,
    2912,
    1904,
    3360,
    1056,
    3376,
    1440,
    2720,
    1504,
    2672,
    1904,
    3024,
    2304,
    2992,
    1984,
    3360,
    1120,
    3360,
    1424,
    3008,
    1760,
    3616,
    1696,
    3040,
    2208,
    3200,
    1936,
    2880,
    1536,
    2576,
    1520,
    3584,
    1968,
    2784,
    1936,
    2336,
    1728,
    2960,
    1200,
    2640,
    1392,
    3088,
    1968,
    3040,
    2208,
    2384,
    2320,
    2240,
    2272,
    2544,
    1600,
    3168,
    1312,
    2688,
    2112,
    3328,
    1600,
    2944,
    1856,
    2592,
    1488,
    3072,
    2176,
    2464,
    2480,
    1968,
    2048,
    2784,
    1856,
    2720,
    1424,
    2160,
    1680,
    3168,
    1488,
    2656,
    1424,
    2592,
    1776,
    2992,
    1376,
    3008,
    1552,
    3376,
    1776,
    2928,
    2336,
    3120,
    2352,
    2944,
    1872,
    3072,
    832,
    2960,
    1248,
    3088,
    2640,
    3680,
    1792,
    2944,
    1536,
    3184,
    2224,
    3328,
    1632,
    3008,
    1392,
    3360,
    1904,
    2240,
    1792,
    2336,
    1328,
    3552,
    1248,
    4080,
    1712,
    3456,
    2512,
    2400,
    1360,
    3008,
    1824,
    3024,
    1792,
    2352,
    1488,
    2800,
    1520,
    3328,
    2128,
    3248,
    2272,
    3072,
    1776,
    2208,
    2192,
    2480,
    2160,
    2960,
    1680,
    2816,
    1600,
    3264,
    1456,
    2512,
    1888,
    2928,
    2096,
    3616,
    1920,
    3824,
    1984,
    3216,
    1968,
    2832,
    2048,
    2800,
    2016,
    3632,
    1744,
    2640,
    1584,
    3344,
    1792,
    3232,
    1696,
    2288,
    1344,
    3600,
    1936,
    2896,
    1856,
    2592,
    1936,
    2832,
    1824,
    2368,
    1888,
    3008,
    2064,
    2160,
    1424,
    2832,
    1808,
    2896,
    2288,
    2560,
    1792,
    2976,
    2192,
    2688,
    1872,
    3088,
    1312,
    3344,
    1984,
    2768,
    1984,
    3008,
    1936,
    2752,
    2192,
    3056,
    2256,
    2512,
    1328,
    2960,
    1968,
    2816,
    1952,
    2528,
    1568,
    3200,
    2416,
    3312,
    1888,
    2448,
    1648,
    3584,
    2144,
    2128,
    2048,
    2944,
    1568,
    2848,
    1968,
    2656,
    2096,
    3072,
    1536,
    3472,
    1744,
    2720,
    2448,
    3008,
    1808,
    2592,
    1552,
    3120,
    1520,
    3328,
    1424,
    2672,
    2080,
    2800,
    1248,
    2592,
    1520,
    2704,
    2224,
    2720,
    1600,
    2704,
    1328,
    2304,
    1776,
    2416,
    1872,
    2320,
    1936,
    2864,
    1888,
    2656,
    2160,
    2976,
    1744,
    3616,
    1584,
    3328,
    1872,
    2288,
    1600,
    2720,
    1520,
    3040,
    2448,
    2880,
    2944,
    3184,
    1952,
    2656,
    1808,
    2912,
    2176,
    3504,
    1024,
    2752,
    1424,
    2864,
    2048,
    3696,
    1840,
    3056,
    1648,
    2672